1.5234735618556525
2.1824327607981844
2.721509596605886
3.233932252179121
3.7284769287319977
4.022284767912288
4.175760606382157
4.297001186419926
4.329075763961612
4.288180146764013
4.208142759337057
4.086815217232728
3.969911410754553
3.944296518504859
3.9199042312150083
3.9136934365479283
3.928888524661741
3.9524961507058687
3.972071006136319
3.9887764430870822
4.009312689190098
4.034338273751663
4.029719985852538
4.035676082281552
4.041400702121605
4.035362129340816
4.014395485650657
4.02615020827817
4.034541044972444
4.019424618215355
4.0350944984376165
4.036033927537212
4.030732319177173
4.047605962228877
4.0527004168980145
4.034146458240187
4.022648042501872
4.008510091419285
4.00553847209098
4.017881000692867
4.030481326322999
4.045817370648291
4.0492555063899935
4.036360302782309
4.033495560061716
4.024315492753155
4.008974362179747
4.00312647389234
4.018162678586935
4.0077224826537705
